# --- SIMPLIFIED FROM UK_240416.dat ---
# 1F-3F floor beams (Z=0.300, 3.035, 6.045) and supporting columns.
# Excluded: roof, slabs, walls, braces, and members above 3F.

MATE, 0, E120F330, 12000, 800, 5, 0, 22,
MATE, 2, FC24, 22669, 9445, 24, 0, 16,
SECT, 0, 120x120, 0, 0, 120, 120
SECT, 3, 300x450, 2, 0, 450, 300
SECT, 4, G:120x300, 0, 0, 300, 120
SECT, 5, 120x300, 0, 0, 300, 120
SECT, 6, 120x120, 0, 0, 120, 120
NODE, 0, 0.000, 7.795, 0.300
NODE, 1, 0.000, 7.795, 3.035
NODE, 2, 0.000, 6.885, 0.300
NODE, 3, 0.000, 6.885, 3.035
NODE, 4, 0.000, 5.975, 0.300
NODE, 5, 0.000, 5.975, 3.035
NODE, 6, 0.000, 5.065, 0.300
NODE, 7, 0.000, 5.065, 3.035
NODE, 8, 0.000, 4.155, 0.300
NODE, 9, 0.000, 4.155, 3.035
NODE, 10, 0.000, 3.245, 0.300
NODE, 11, 0.000, 3.245, 3.035
NODE, 12, 0.000, 2.335, 0.300
NODE, 13, 0.000, 2.335, 3.035
NODE, 14, 4.500, 4.155, 0.300
NODE, 15, 4.500, 4.155, 3.035
NODE, 16, 4.500, 5.975, 0.300
NODE, 17, 4.500, 5.975, 3.035
NODE, 18, 4.500, 7.795, 0.300
NODE, 19, 4.500, 7.795, 3.035
NODE, 20, 4.500, 6.885, 0.300
NODE, 21, 4.500, 6.885, 3.035
NODE, 22, 4.500, 5.065, 0.300
NODE, 23, 4.500, 5.065, 3.035
NODE, 24, 6.300, 5.975, 0.300
NODE, 25, 6.300, 5.975, 3.035
NODE, 26, 6.300, 6.885, 0.300
NODE, 27, 6.300, 6.885, 3.035
NODE, 28, 6.300, 7.795, 0.300
NODE, 29, 6.300, 7.795, 3.035
NODE, 30, 0.900, 7.795, 0.300
NODE, 31, 0.900, 7.795, 3.035
NODE, 32, 6.300, 4.155, 0.300
NODE, 33, 6.300, 4.155, 3.035
NODE, 34, 6.300, 3.245, 0.300
NODE, 35, 6.300, 3.245, 3.035
NODE, 36, 6.300, 2.335, 0.300
NODE, 37, 6.300, 2.335, 3.035
NODE, 38, 4.500, 2.335, 0.300
NODE, 39, 4.500, 2.335, 3.035
NODE, 40, 4.500, 1.425, 0.300
NODE, 41, 4.500, 1.425, 3.035
NODE, 42, 0.000, 1.425, 0.300
NODE, 43, 0.000, 1.425, 3.035
NODE, 44, 6.300, 0.515, 0.300
NODE, 45, 6.300, 0.515, 3.035
NODE, 46, 0.000, 0.515, 0.300
NODE, 47, 0.000, 0.515, 3.035
NODE, 48, 6.300, 5.065, 0.300
NODE, 49, 6.300, 5.065, 3.035
NODE, 50, 5.400, 5.065, 0.300
NODE, 51, 5.400, 5.065, 3.035
NODE, 52, 5.400, 7.795, 0.300
NODE, 53, 5.400, 7.795, 3.035
NODE, 54, 0.900, 0.000, 0.300
NODE, 55, 0.900, 0.000, 3.035
NODE, 56, 6.300, 0.000, 0.300
NODE, 57, 6.300, 0.000, 3.035
NODE, 58, 4.500, 0.000, 0.300
NODE, 59, 4.500, 0.000, 3.035
NODE, 60, 3.600, 0.000, 0.300
NODE, 61, 3.600, 0.000, 3.035
NODE, 62, 0.000, 0.000, 0.300
NODE, 63, 0.000, 0.000, 3.035
NODE, 64, 5.700, 0.000, 0.300
NODE, 65, 5.700, 0.000, 3.035
NODE, 66, 1.800, 5.975, 0.300
NODE, 67, 1.800, 5.975, 3.035
NODE, 68, 0.900, 5.975, 0.300
NODE, 69, 0.900, 5.975, 3.035
NODE, 70, 2.700, 7.795, 0.300
NODE, 71, 2.700, 7.795, 3.035
NODE, 72, 1.800, 7.795, 0.300
NODE, 73, 1.800, 7.795, 3.035
NODE, 74, 3.600, 7.795, 0.300
NODE, 75, 3.600, 7.795, 3.035
NODE, 76, 5.700, 1.425, 0.300
NODE, 77, 5.700, 1.425, 3.035
NODE, 78, 6.300, 1.425, 0.300
NODE, 79, 6.300, 1.425, 3.035
NODE, 80, 0.000, 7.795, 6.045
NODE, 81, 0.000, 6.885, 6.045
NODE, 82, 0.000, 5.975, 6.045
NODE, 83, 0.000, 5.065, 6.045
NODE, 84, 0.000, 4.155, 6.045
NODE, 85, 0.000, 3.245, 6.045
NODE, 86, 0.000, 2.335, 6.045
NODE, 87, 4.500, 4.155, 6.045
NODE, 88, 4.500, 7.795, 6.045
NODE, 89, 4.500, 3.245, 3.035
NODE, 90, 4.500, 3.245, 6.045
NODE, 91, 4.500, 2.335, 6.045
NODE, 92, 4.500, 1.425, 6.045
NODE, 93, 4.500, 0.515, 3.035
NODE, 94, 4.500, 0.515, 6.045
NODE, 95, 4.500, 5.975, 6.045
NODE, 96, 4.500, 6.885, 6.045
NODE, 97, 4.500, 5.065, 6.045
NODE, 98, 6.300, 6.885, 6.045
NODE, 99, 6.300, 5.975, 6.045
NODE, 100, 6.300, 7.795, 6.045
NODE, 101, 0.900, 7.795, 6.045
NODE, 102, 5.400, 2.335, 3.035
NODE, 103, 5.400, 2.335, 6.045
NODE, 104, 3.600, 7.795, 6.045
NODE, 105, 6.300, 4.155, 6.045
NODE, 106, 6.300, 3.245, 6.045
NODE, 107, 6.300, 2.335, 6.045
NODE, 108, 6.300, 1.425, 6.045
NODE, 109, 0.000, 1.425, 6.045
NODE, 110, 6.300, 0.515, 6.045
NODE, 111, 0.000, 0.515, 6.045
NODE, 112, 6.300, 5.065, 6.045
NODE, 113, 5.400, 7.795, 6.045
NODE, 114, 0.900, 0.000, 6.045
NODE, 115, 5.400, 0.000, 3.035
NODE, 116, 5.400, 0.000, 6.045
NODE, 117, 0.000, 0.000, 6.045
NODE, 118, 4.500, 0.000, 6.045
NODE, 119, 6.300, 0.000, 6.045
NODE, 120, 3.600, 0.000, 6.045
NODE, 121, 2.700, 7.795, 6.045
NODE, 147, 5.400, 1.425, 6.045
NODE, 161, 6.300, -1.500, 3.035
NODE, 162, 6.300, -1.500, 6.045
NODE, 181, 2.250, 0.000, 0.300
NODE, 182, 2.250, 2.335, 0.300
NODE, 183, 2.250, 7.795, 0.300
NODE, 184, 2.250, 5.975, 0.300
NODE, 185, 2.250, 1.425, 0.300
NODE, 186, 2.250, 5.065, 0.300
NODE, 187, 4.500, 3.245, 0.300
NODE, 188, 2.250, 3.245, 0.300
NODE, 189, 2.250, 4.155, 0.300
NODE, 190, 2.250, 6.885, 0.300
NODE, 191, 2.700, 5.975, 3.035
NODE, 192, 3.600, 5.975, 3.035
NODE, 193, 0.900, 6.885, 3.035
NODE, 194, 1.800, 6.885, 3.035
NODE, 195, 2.700, 6.885, 3.035
NODE, 196, 3.600, 6.885, 3.035
NODE, 197, 0.900, 5.065, 3.035
NODE, 198, 1.800, 5.065, 3.035
NODE, 199, 2.700, 5.065, 3.035
NODE, 200, 3.600, 5.065, 3.035
NODE, 201, 0.900, 4.155, 3.035
NODE, 202, 1.800, 4.155, 3.035
NODE, 203, 2.700, 4.155, 3.035
NODE, 204, 3.600, 4.155, 3.035
NODE, 205, 0.900, 3.245, 3.035
NODE, 206, 1.800, 3.245, 3.035
NODE, 207, 2.700, 3.245, 3.035
NODE, 208, 3.600, 3.245, 3.035
NODE, 209, 0.900, 2.335, 3.035
NODE, 210, 1.800, 2.335, 3.035
NODE, 211, 2.700, 2.335, 3.035
NODE, 212, 3.600, 2.335, 3.035
NODE, 213, 0.900, 1.425, 3.035
NODE, 214, 1.800, 1.425, 3.035
NODE, 215, 2.700, 1.425, 3.035
NODE, 216, 3.600, 1.425, 3.035
NODE, 217, 1.800, 0.000, 3.035
NODE, 218, 2.700, 0.000, 3.035
NODE, 219, 0.900, 0.515, 3.035
NODE, 220, 1.800, 0.515, 3.035
NODE, 221, 2.700, 0.515, 3.035
NODE, 222, 3.600, 0.515, 3.035
NODE, 223, 5.400, 0.515, 3.035
NODE, 224, 3.600, -0.526, 3.035
NODE, 225, 4.500, -0.601, 3.035
NODE, 226, 6.300, -0.750, 3.035
NODE, 227, 0.900, -0.302, 3.035
NODE, 228, 3.600, -1.052, 3.035
NODE, 229, 0.900, -0.604, 3.035
NODE, 230, 4.500, -1.201, 3.035
NODE, 231, 5.400, 5.975, 3.035
NODE, 232, 5.400, 6.885, 3.035
NODE, 233, 5.400, 1.425, 3.035
NODE, 234, 1.800, 7.795, 6.045
NODE, 235, 0.900, 6.885, 6.045
NODE, 236, 1.800, 6.885, 6.045
NODE, 237, 2.700, 6.885, 6.045
NODE, 238, 3.600, 6.885, 6.045
NODE, 239, 0.900, 5.975, 6.045
NODE, 240, 1.800, 5.975, 6.045
NODE, 241, 2.700, 5.975, 6.045
NODE, 242, 3.600, 5.975, 6.045
NODE, 243, 0.900, 5.065, 6.045
NODE, 244, 1.800, 5.065, 6.045
NODE, 245, 2.700, 5.065, 6.045
NODE, 246, 3.600, 5.065, 6.045
NODE, 247, 0.900, 4.155, 6.045
NODE, 248, 1.800, 4.155, 6.045
NODE, 249, 2.700, 4.155, 6.045
NODE, 250, 3.600, 4.155, 6.045
NODE, 251, 0.900, 3.245, 6.045
NODE, 252, 1.800, 3.245, 6.045
NODE, 253, 2.700, 3.245, 6.045
NODE, 254, 3.600, 3.245, 6.045
NODE, 255, 0.900, 2.335, 6.045
NODE, 256, 1.800, 2.335, 6.045
NODE, 257, 2.700, 2.335, 6.045
NODE, 258, 3.600, 2.335, 6.045
NODE, 259, 0.900, 1.425, 6.045
NODE, 260, 1.800, 1.425, 6.045
NODE, 261, 2.700, 1.425, 6.045
NODE, 262, 3.600, 1.425, 6.045
NODE, 263, 5.400, 0.515, 6.045
NODE, 264, 0.900, 0.515, 6.045
NODE, 265, 1.800, 0.515, 6.045
NODE, 266, 2.700, 0.515, 6.045
NODE, 267, 3.600, 0.515, 6.045
NODE, 268, 1.800, 0.000, 6.045
NODE, 269, 2.700, 0.000, 6.045
NODE, 270, 4.500, -0.601, 6.045
NODE, 271, 6.300, -0.750, 6.045
NODE, 272, 3.600, -0.526, 6.045
NODE, 273, 0.900, -0.302, 6.045
NODE, 274, 4.500, -1.201, 6.045
NODE, 275, 3.600, -1.052, 6.045
NODE, 276, 0.900, -0.604, 6.045
NODE, 277, 5.400, 6.885, 6.045
NODE, 278, 5.400, 5.065, 6.045
NODE, 279, 5.400, 5.975, 6.045
ELEM, 0, 0, 1, 0, 0.0
ELEM, 1, 2, 3, 0, 0.0
ELEM, 2, 4, 5, 0, 0.0
ELEM, 3, 6, 7, 0, 0.0
ELEM, 4, 8, 9, 0, 0.0
ELEM, 5, 10, 11, 0, 0.0
ELEM, 6, 12, 13, 0, 0.0
ELEM, 7, 14, 15, 0, 0.0
ELEM, 8, 16, 17, 0, 0.0
ELEM, 9, 18, 19, 0, 0.0
ELEM, 10, 20, 21, 0, 0.0
ELEM, 11, 22, 23, 0, 0.0
ELEM, 12, 24, 25, 0, 0.0
ELEM, 13, 26, 27, 0, 0.0
ELEM, 14, 28, 29, 0, 0.0
ELEM, 15, 30, 31, 0, 0.0
ELEM, 16, 32, 33, 0, 0.0
ELEM, 17, 34, 35, 0, 0.0
ELEM, 18, 36, 37, 0, 0.0
ELEM, 19, 38, 39, 0, 0.0
ELEM, 20, 40, 41, 0, 0.0
ELEM, 21, 42, 43, 0, 0.0
ELEM, 22, 44, 45, 0, 0.0
ELEM, 23, 46, 47, 0, 0.0
ELEM, 24, 48, 49, 0, 0.0
ELEM, 25, 50, 51, 0, 0.0
ELEM, 26, 52, 53, 0, 0.0
ELEM, 27, 54, 55, 0, 0.0
ELEM, 28, 56, 57, 0, 0.0
ELEM, 29, 58, 59, 0, 0.0
ELEM, 30, 60, 61, 0, 0.0
ELEM, 31, 62, 63, 0, 0.0
ELEM, 32, 64, 65, 0, 0.0
ELEM, 33, 54, 55, 0, 0.0
ELEM, 34, 56, 57, 0, 0.0
ELEM, 35, 58, 59, 0, 0.0
ELEM, 36, 60, 61, 0, 0.0
ELEM, 37, 62, 63, 0, 0.0
ELEM, 38, 64, 65, 0, 0.0
ELEM, 39, 66, 67, 0, 0.0
ELEM, 40, 68, 69, 0, 0.0
ELEM, 41, 70, 71, 0, 0.0
ELEM, 42, 72, 73, 0, 0.0
ELEM, 43, 74, 75, 0, 0.0
ELEM, 44, 76, 77, 0, 0.0
ELEM, 45, 78, 79, 0, 0.0
ELEM, 46, 1, 80, 0, 0.0
ELEM, 47, 3, 81, 0, 0.0
ELEM, 48, 5, 82, 0, 0.0
ELEM, 49, 7, 83, 0, 0.0
ELEM, 50, 9, 84, 0, 0.0
ELEM, 51, 11, 85, 0, 0.0
ELEM, 52, 13, 86, 0, 0.0
ELEM, 53, 15, 87, 0, 0.0
ELEM, 54, 19, 88, 0, 0.0
ELEM, 55, 89, 90, 0, 0.0
ELEM, 56, 39, 91, 0, 0.0
ELEM, 57, 41, 92, 0, 0.0
ELEM, 58, 93, 94, 0, 0.0
ELEM, 59, 17, 95, 0, 0.0
ELEM, 60, 21, 96, 0, 0.0
ELEM, 61, 23, 97, 0, 0.0
ELEM, 62, 27, 98, 0, 0.0
ELEM, 63, 25, 99, 0, 0.0
ELEM, 64, 29, 100, 0, 0.0
ELEM, 65, 31, 101, 0, 0.0
ELEM, 66, 102, 103, 0, 0.0
ELEM, 67, 75, 104, 0, 0.0
ELEM, 68, 33, 105, 0, 0.0
ELEM, 69, 35, 106, 0, 0.0
ELEM, 70, 37, 107, 0, 0.0
ELEM, 71, 79, 108, 0, 0.0
ELEM, 72, 43, 109, 0, 0.0
ELEM, 73, 45, 110, 0, 0.0
ELEM, 74, 47, 111, 0, 0.0
ELEM, 75, 49, 112, 0, 0.0
ELEM, 76, 53, 113, 0, 0.0
ELEM, 77, 55, 114, 0, 0.0
ELEM, 78, 115, 116, 0, 0.0
ELEM, 79, 63, 117, 0, 0.0
ELEM, 80, 59, 118, 0, 0.0
ELEM, 81, 57, 119, 0, 0.0
ELEM, 82, 61, 120, 0, 0.0
ELEM, 83, 63, 117, 0, 0.0
ELEM, 84, 115, 116, 0, 0.0
ELEM, 85, 55, 114, 0, 0.0
ELEM, 86, 61, 120, 0, 0.0
ELEM, 87, 57, 119, 0, 0.0
ELEM, 88, 59, 118, 0, 0.0
ELEM, 89, 71, 121, 0, 0.0
ELEM, 146, 62, 54, 3, 0.0
ELEM, 147, 60, 58, 3, 0.0
ELEM, 148, 0, 30, 3, 0.0
ELEM, 149, 74, 18, 3, 0.0
ELEM, 150, 54, 181, 3, 0.0
ELEM, 151, 181, 60, 3, 0.0
ELEM, 152, 12, 182, 3, 0.0
ELEM, 153, 62, 54, 3, 0.0
ELEM, 154, 60, 58, 3, 0.0
ELEM, 155, 54, 181, 3, 0.0
ELEM, 156, 181, 60, 3, 0.0
ELEM, 157, 30, 72, 3, 0.0
ELEM, 158, 72, 183, 3, 0.0
ELEM, 159, 183, 70, 3, 0.0
ELEM, 160, 70, 74, 3, 0.0
ELEM, 161, 4, 68, 3, 0.0
ELEM, 162, 68, 66, 3, 0.0
ELEM, 163, 66, 184, 3, 0.0
ELEM, 164, 185, 40, 3, 0.0
ELEM, 165, 186, 22, 3, 0.0
ELEM, 166, 187, 34, 3, 0.0
ELEM, 167, 188, 187, 3, 0.0
ELEM, 168, 62, 46, 3, 0.0
ELEM, 169, 46, 42, 3, 0.0
ELEM, 170, 42, 12, 3, 0.0
ELEM, 171, 12, 10, 3, 0.0
ELEM, 172, 10, 8, 3, 0.0
ELEM, 173, 8, 6, 3, 0.0
ELEM, 174, 6, 4, 3, 0.0
ELEM, 175, 4, 2, 3, 0.0
ELEM, 176, 2, 0, 3, 0.0
ELEM, 177, 40, 38, 3, 0.0
ELEM, 178, 38, 187, 3, 0.0
ELEM, 179, 187, 14, 3, 0.0
ELEM, 180, 14, 22, 3, 0.0
ELEM, 181, 22, 16, 3, 0.0
ELEM, 182, 16, 20, 3, 0.0
ELEM, 183, 20, 18, 3, 0.0
ELEM, 184, 56, 44, 3, 0.0
ELEM, 185, 44, 78, 3, 0.0
ELEM, 186, 78, 36, 3, 0.0
ELEM, 187, 34, 32, 3, 0.0
ELEM, 188, 32, 48, 3, 0.0
ELEM, 189, 48, 24, 3, 0.0
ELEM, 190, 24, 26, 3, 0.0
ELEM, 191, 26, 28, 3, 0.0
ELEM, 192, 181, 185, 3, 0.0
ELEM, 193, 185, 182, 3, 0.0
ELEM, 194, 182, 188, 3, 0.0
ELEM, 195, 188, 189, 3, 0.0
ELEM, 196, 189, 186, 3, 0.0
ELEM, 197, 186, 184, 3, 0.0
ELEM, 198, 184, 190, 3, 0.0
ELEM, 199, 190, 183, 3, 0.0
ELEM, 200, 36, 34, 3, 0.0
ELEM, 201, 58, 64, 3, 0.0
ELEM, 202, 64, 56, 3, 0.0
ELEM, 203, 40, 76, 3, 0.0
ELEM, 204, 22, 50, 3, 0.0
ELEM, 205, 50, 48, 3, 0.0
ELEM, 206, 18, 52, 3, 0.0
ELEM, 207, 52, 28, 3, 0.0
ELEM, 208, 58, 64, 3, 0.0
ELEM, 209, 64, 56, 3, 0.0
ELEM, 210, 76, 78, 3, 0.0
ELEM, 211, 1, 31, 4, 0.0
ELEM, 212, 75, 19, 4, 0.0
ELEM, 213, 5, 69, 4, 0.0
ELEM, 214, 69, 67, 4, 0.0
ELEM, 215, 67, 191, 4, 0.0
ELEM, 216, 191, 192, 4, 0.0
ELEM, 217, 192, 17, 4, 0.0
ELEM, 218, 31, 73, 4, 0.0
ELEM, 219, 73, 71, 4, 0.0
ELEM, 220, 71, 75, 4, 0.0
ELEM, 221, 3, 193, 4, 0.0
ELEM, 222, 193, 194, 4, 0.0
ELEM, 223, 194, 195, 4, 0.0
ELEM, 224, 195, 196, 4, 0.0
ELEM, 225, 196, 21, 4, 0.0
ELEM, 226, 7, 197, 4, 0.0
ELEM, 227, 197, 198, 4, 0.0
ELEM, 228, 198, 199, 4, 0.0
ELEM, 229, 199, 200, 4, 0.0
ELEM, 230, 200, 23, 4, 0.0
ELEM, 231, 9, 201, 4, 0.0
ELEM, 232, 201, 202, 4, 0.0
ELEM, 233, 202, 203, 4, 0.0
ELEM, 234, 203, 204, 4, 0.0
ELEM, 235, 204, 15, 4, 0.0
ELEM, 236, 11, 205, 4, 0.0
ELEM, 237, 205, 206, 4, 0.0
ELEM, 238, 206, 207, 4, 0.0
ELEM, 239, 207, 208, 4, 0.0
ELEM, 240, 208, 89, 4, 0.0
ELEM, 241, 13, 209, 4, 0.0
ELEM, 242, 209, 210, 4, 0.0
ELEM, 243, 210, 211, 4, 0.0
ELEM, 244, 211, 212, 4, 0.0
ELEM, 245, 212, 39, 4, 0.0
ELEM, 246, 43, 213, 4, 0.0
ELEM, 247, 213, 214, 4, 0.0
ELEM, 248, 214, 215, 4, 0.0
ELEM, 249, 215, 216, 4, 0.0
ELEM, 250, 216, 41, 4, 0.0
ELEM, 251, 63, 55, 5, 0.0
ELEM, 252, 61, 59, 5, 0.0
ELEM, 253, 65, 57, 5, 0.0
ELEM, 254, 115, 65, 5, 0.0
ELEM, 255, 59, 115, 5, 0.0
ELEM, 256, 63, 55, 5, 0.0
ELEM, 257, 61, 59, 5, 0.0
ELEM, 258, 65, 57, 5, 0.0
ELEM, 259, 115, 65, 5, 0.0
ELEM, 260, 59, 115, 5, 0.0
ELEM, 261, 55, 217, 5, 0.0
ELEM, 262, 217, 218, 5, 0.0
ELEM, 263, 218, 61, 5, 0.0
ELEM, 264, 55, 217, 5, 0.0
ELEM, 265, 217, 218, 5, 0.0
ELEM, 266, 218, 61, 5, 0.0
ELEM, 267, 47, 219, 5, 0.0
ELEM, 268, 219, 220, 5, 0.0
ELEM, 269, 220, 221, 5, 0.0
ELEM, 270, 221, 222, 5, 0.0
ELEM, 271, 222, 93, 5, 0.0
ELEM, 272, 223, 45, 5, 0.0
ELEM, 273, 93, 223, 5, 0.0
ELEM, 274, 3, 1, 4, 0.0
ELEM, 275, 5, 3, 4, 0.0
ELEM, 276, 7, 5, 4, 0.0
ELEM, 277, 9, 7, 4, 0.0
ELEM, 278, 89, 15, 4, 0.0
ELEM, 279, 11, 9, 4, 0.0
ELEM, 280, 39, 89, 4, 0.0
ELEM, 281, 13, 11, 4, 0.0
ELEM, 282, 41, 39, 4, 0.0
ELEM, 283, 43, 13, 4, 0.0
ELEM, 284, 25, 27, 4, 0.0
ELEM, 285, 27, 29, 4, 0.0
ELEM, 286, 15, 23, 4, 0.0
ELEM, 287, 23, 17, 4, 0.0
ELEM, 288, 17, 21, 4, 0.0
ELEM, 289, 21, 19, 4, 0.0
ELEM, 290, 35, 33, 4, 0.0
ELEM, 291, 37, 35, 4, 0.0
ELEM, 292, 79, 37, 4, 0.0
ELEM, 293, 49, 25, 4, 0.0
ELEM, 294, 33, 49, 4, 0.0
ELEM, 295, 45, 79, 4, 0.0
ELEM, 296, 47, 43, 4, 0.0
ELEM, 297, 93, 41, 4, 0.0
ELEM, 298, 57, 45, 4, 0.0
ELEM, 299, 63, 47, 4, 0.0
ELEM, 300, 59, 93, 4, 0.0
ELEM, 301, 222, 216, 4, 0.0
ELEM, 302, 61, 222, 4, 0.0
ELEM, 303, 219, 213, 4, 0.0
ELEM, 304, 55, 219, 4, 0.0
ELEM, 305, 224, 61, 4, 0.0
ELEM, 306, 225, 59, 4, 0.0
ELEM, 307, 226, 57, 4, 0.0
ELEM, 308, 227, 55, 4, 0.0
ELEM, 309, 228, 224, 6, 0.0
ELEM, 310, 229, 227, 6, 0.0
ELEM, 311, 230, 225, 6, 0.0
ELEM, 312, 161, 226, 6, 0.0
ELEM, 313, 39, 102, 4, 0.0
ELEM, 314, 102, 37, 4, 0.0
ELEM, 315, 23, 51, 4, 0.0
ELEM, 316, 51, 49, 4, 0.0
ELEM, 317, 231, 25, 4, 0.0
ELEM, 318, 17, 231, 4, 0.0
ELEM, 319, 21, 232, 4, 0.0
ELEM, 320, 232, 27, 4, 0.0
ELEM, 321, 19, 53, 4, 0.0
ELEM, 322, 53, 29, 4, 0.0
ELEM, 323, 77, 79, 4, 0.0
ELEM, 324, 233, 77, 4, 0.0
ELEM, 325, 41, 233, 4, 0.0
ELEM, 326, 80, 101, 4, 0.0
ELEM, 327, 104, 88, 4, 0.0
ELEM, 328, 101, 234, 4, 0.0
ELEM, 329, 234, 121, 4, 0.0
ELEM, 330, 121, 104, 4, 0.0
ELEM, 331, 81, 235, 4, 0.0
ELEM, 332, 235, 236, 4, 0.0
ELEM, 333, 236, 237, 4, 0.0
ELEM, 334, 237, 238, 4, 0.0
ELEM, 335, 238, 96, 4, 0.0
ELEM, 336, 82, 239, 4, 0.0
ELEM, 337, 239, 240, 4, 0.0
ELEM, 338, 240, 241, 4, 0.0
ELEM, 339, 241, 242, 4, 0.0
ELEM, 340, 242, 95, 4, 0.0
ELEM, 341, 83, 243, 4, 0.0
ELEM, 342, 243, 244, 4, 0.0
ELEM, 343, 244, 245, 4, 0.0
ELEM, 344, 245, 246, 4, 0.0
ELEM, 345, 246, 97, 4, 0.0
ELEM, 346, 84, 247, 4, 0.0
ELEM, 347, 247, 248, 4, 0.0
ELEM, 348, 248, 249, 4, 0.0
ELEM, 349, 249, 250, 4, 0.0
ELEM, 350, 250, 87, 4, 0.0
ELEM, 351, 85, 251, 4, 0.0
ELEM, 352, 251, 252, 4, 0.0
ELEM, 353, 252, 253, 4, 0.0
ELEM, 354, 253, 254, 4, 0.0
ELEM, 355, 254, 90, 4, 0.0
ELEM, 356, 86, 255, 4, 0.0
ELEM, 357, 255, 256, 4, 0.0
ELEM, 358, 256, 257, 4, 0.0
ELEM, 359, 257, 258, 4, 0.0
ELEM, 360, 258, 91, 4, 0.0
ELEM, 361, 109, 259, 4, 0.0
ELEM, 362, 259, 260, 4, 0.0
ELEM, 363, 260, 261, 4, 0.0
ELEM, 364, 261, 262, 4, 0.0
ELEM, 365, 262, 92, 4, 0.0
ELEM, 366, 116, 119, 5, 0.0
ELEM, 367, 120, 118, 5, 0.0
ELEM, 368, 118, 116, 5, 0.0
ELEM, 369, 117, 114, 5, 0.0
ELEM, 370, 263, 110, 5, 0.0
ELEM, 371, 94, 263, 5, 0.0
ELEM, 372, 111, 264, 5, 0.0
ELEM, 373, 264, 265, 5, 0.0
ELEM, 374, 265, 266, 5, 0.0
ELEM, 375, 266, 267, 5, 0.0
ELEM, 376, 267, 94, 5, 0.0
ELEM, 377, 114, 268, 5, 0.0
ELEM, 378, 268, 269, 5, 0.0
ELEM, 379, 269, 120, 5, 0.0
ELEM, 380, 269, 120, 5, 0.0
ELEM, 381, 268, 269, 5, 0.0
ELEM, 382, 114, 268, 5, 0.0
ELEM, 383, 120, 118, 5, 0.0
ELEM, 384, 116, 119, 5, 0.0
ELEM, 385, 117, 114, 5, 0.0
ELEM, 386, 118, 116, 5, 0.0
ELEM, 387, 81, 80, 4, 0.0
ELEM, 388, 82, 81, 4, 0.0
ELEM, 389, 83, 82, 4, 0.0
ELEM, 390, 84, 83, 4, 0.0
ELEM, 391, 90, 87, 4, 0.0
ELEM, 392, 85, 84, 4, 0.0
ELEM, 393, 91, 90, 4, 0.0
ELEM, 394, 86, 85, 4, 0.0
ELEM, 395, 92, 91, 4, 0.0
ELEM, 396, 109, 86, 4, 0.0
ELEM, 397, 98, 100, 4, 0.0
ELEM, 398, 99, 98, 4, 0.0
ELEM, 399, 96, 88, 4, 0.0
ELEM, 400, 87, 97, 4, 0.0
ELEM, 401, 97, 95, 4, 0.0
ELEM, 402, 95, 96, 4, 0.0
ELEM, 403, 106, 105, 4, 0.0
ELEM, 404, 107, 106, 4, 0.0
ELEM, 405, 108, 107, 4, 0.0
ELEM, 406, 112, 99, 4, 0.0
ELEM, 407, 105, 112, 4, 0.0
ELEM, 408, 110, 108, 4, 0.0
ELEM, 409, 111, 109, 4, 0.0
ELEM, 410, 94, 92, 4, 0.0
ELEM, 411, 119, 110, 4, 0.0
ELEM, 412, 117, 111, 4, 0.0
ELEM, 413, 118, 94, 4, 0.0
ELEM, 414, 267, 262, 4, 0.0
ELEM, 415, 120, 267, 4, 0.0
ELEM, 416, 264, 259, 4, 0.0
ELEM, 417, 114, 264, 4, 0.0
ELEM, 418, 270, 118, 4, 0.0
ELEM, 419, 271, 119, 4, 0.0
ELEM, 420, 272, 120, 4, 0.0
ELEM, 422, 274, 270, 6, 0.0
ELEM, 423, 162, 271, 6, 0.0
ELEM, 424, 275, 272, 6, 0.0
ELEM, 426, 92, 147, 4, 0.0
ELEM, 427, 147, 108, 4, 0.0
ELEM, 428, 91, 103, 4, 0.0
ELEM, 429, 103, 107, 4, 0.0
ELEM, 430, 277, 98, 4, 0.0
ELEM, 431, 96, 277, 4, 0.0
ELEM, 432, 113, 100, 4, 0.0
ELEM, 433, 88, 113, 4, 0.0
ELEM, 434, 278, 112, 4, 0.0
ELEM, 435, 97, 278, 4, 0.0
ELEM, 436, 279, 99, 4, 0.0
ELEM, 437, 95, 279, 4, 0.0
CONS, 56, 1, 1, 1, 0, 0, 0,
CONS, 58, 1, 1, 1, 0, 0, 0,
CONS, 62, 1, 1, 1, 0, 0, 0,
CONS, 28, 1, 1, 1, 0, 0, 0,
CONS, 18, 1, 1, 1, 0, 0, 0,
CONS, 0, 1, 1, 1, 0, 0, 0,
CONS, 12, 1, 1, 1, 0, 0, 0,
CONS, 4, 1, 1, 1, 0, 0, 0,
CONS, 181, 1, 1, 1, 0, 0, 0,
CONS, 182, 1, 1, 1, 0, 0, 0,
CONS, 40, 1, 1, 1, 0, 0, 0,
CONS, 78, 1, 1, 1, 0, 0, 0,
CONS, 48, 1, 1, 1, 0, 0, 0,
CONS, 22, 1, 1, 1, 0, 0, 0,
CONS, 184, 1, 1, 1, 0, 0, 0,
CONS, 183, 1, 1, 1, 0, 0, 0,
CONS, 186, 1, 1, 1, 0, 0, 0,
CONS, 185, 1, 1, 1, 0, 0, 0,
CONS, 34, 1, 1, 1, 0, 0, 0,
CONS, 187, 1, 1, 1, 0, 0, 0,
CONS, 188, 1, 1, 1, 0, 0, 0,
EJNT, 15, 1E-06, 1E-06, 1E-06, 1E-06,
EJNT, 16, 1E-06, 1E-06, 1E-06, 1E-06,
EJNT, 17, 1E-06, 1E-06, 1E-06, 1E-06,
EJNT, 18, 1E-06, 1E-06, 1E-06, 1E-06,
EJNT, 19, 1E-06, 1E-06, 1E-06, 1E-06,
EJNT, 20, 1E-06, 1E-06, 1E-06, 1E-06,
EJNT, 21, 1E-06, 1E-06, 1E-06, 1E-06,
EJNT, 22, 1E-06, 1E-06, 1E-06, 1E-06,
EJNT, 23, 1E-06, 1E-06, 1E-06, 1E-06,
EJNT, 24, 1E-06, 1E-06, 1E-06, 1E-06,
EJNT, 25, 1E-06, 1E-06, 1E-06, 1E-06,
EJNT, 26, 1E-06, 1E-06, 1E-06, 1E-06,
EJNT, 27, 1E-06, 1E-06, 1E-06, 1E-06,
EJNT, 28, 1E-06, 1E-06, 1E-06, 1E-06,
EJNT, 29, 1E-06, 1E-06, 1E-06, 1E-06,
EJNT, 30, 1E-06, 1E-06, 1E-06, 1E-06,
EJNT, 31, 1E-06, 1E-06, 1E-06, 1E-06,
EJNT, 32, 1E-06, 1E-06, 1E-06, 1E-06,
EJNT, 33, 1E-06, 1E-06, 1E-06, 1E-06,
EJNT, 34, 1E-06, 1E-06, 1E-06, 1E-06,
EJNT, 35, 1E-06, 1E-06, 1E-06, 1E-06,
EJNT, 36, 1E-06, 1E-06, 1E-06, 1E-06,
EJNT, 37, 1E-06, 1E-06, 1E-06, 1E-06,
EJNT, 38, 1E-06, 1E-06, 1E-06, 1E-06,
EJNT, 39, 1E-06, 1E-06, 1E-06, 1E-06,
EJNT, 40, 1E-06, 1E-06, 1E-06, 1E-06,
EJNT, 41, 1E-06, 1E-06, 1E-06, 1E-06,
EJNT, 42, 1E-06, 1E-06, 1E-06, 1E-06,
EJNT, 43, 1E-06, 1E-06, 1E-06, 1E-06,
EJNT, 44, 1E-06, 1E-06, 1E-06, 1E-06,
EJNT, 45, 1E-06, 1E-06, 1E-06, 1E-06,
EJNT, 65, 1E-06, 1E-06, 1E-06, 1E-06,
EJNT, 66, 1E-06, 1E-06, 1E-06, 1E-06,
EJNT, 67, 1E-06, 1E-06, 1E-06, 1E-06,
EJNT, 68, 1E-06, 1E-06, 1E-06, 1E-06,
EJNT, 69, 1E-06, 1E-06, 1E-06, 1E-06,
EJNT, 70, 1E-06, 1E-06, 1E-06, 1E-06,
EJNT, 71, 1E-06, 1E-06, 1E-06, 1E-06,
EJNT, 72, 1E-06, 1E-06, 1E-06, 1E-06,
EJNT, 73, 1E-06, 1E-06, 1E-06, 1E-06,
EJNT, 74, 1E-06, 1E-06, 1E-06, 1E-06,
EJNT, 75, 1E-06, 1E-06, 1E-06, 1E-06,
EJNT, 76, 1E-06, 1E-06, 1E-06, 1E-06,
EJNT, 77, 1E-06, 1E-06, 1E-06, 1E-06,
EJNT, 78, 1E-06, 1E-06, 1E-06, 1E-06,
EJNT, 79, 1E-06, 1E-06, 1E-06, 1E-06,
EJNT, 80, 1E-06, 1E-06, 1E-06, 1E-06,
EJNT, 81, 1E-06, 1E-06, 1E-06, 1E-06,
EJNT, 82, 1E-06, 1E-06, 1E-06, 1E-06,
EJNT, 83, 1E-06, 1E-06, 1E-06, 1E-06,
EJNT, 84, 1E-06, 1E-06, 1E-06, 1E-06,
EJNT, 85, 1E-06, 1E-06, 1E-06, 1E-06,
EJNT, 86, 1E-06, 1E-06, 1E-06, 1E-06,
EJNT, 87, 1E-06, 1E-06, 1E-06, 1E-06,
EJNT, 88, 1E-06, 1E-06, 1E-06, 1E-06,
EJNT, 89, 1E-06, 1E-06, 1E-06, 1E-06,
EJNT, 0, 1E-06, 1E-06, 1E-06, 1E-06,
EJNT, 1, 1E-06, 1E-06, 1E-06, 1E-06,
EJNT, 2, 1E-06, 1E-06, 1E-06, 1E-06,
EJNT, 3, 1E-06, 1E-06, 1E-06, 1E-06,
EJNT, 4, 1E-06, 1E-06, 1E-06, 1E-06,
EJNT, 5, 1E-06, 1E-06, 1E-06, 1E-06,
EJNT, 6, 1E-06, 1E-06, 1E-06, 1E-06,
EJNT, 7, 1E-06, 1E-06, 1E-06, 1E-06,
EJNT, 8, 1E-06, 1E-06, 1E-06, 1E-06,
EJNT, 9, 1E-06, 1E-06, 1E-06, 1E-06,
EJNT, 10, 1E-06, 1E-06, 1E-06, 1E-06,
EJNT, 11, 1E-06, 1E-06, 1E-06, 1E-06,
EJNT, 12, 1E-06, 1E-06, 1E-06, 1E-06,
EJNT, 13, 1E-06, 1E-06, 1E-06, 1E-06,
EJNT, 14, 1E-06, 1E-06, 1E-06, 1E-06,
EJNT, 15, 1E-06, 1E-06, 1E-06, 1E-06,
EJNT, 16, 1E-06, 1E-06, 1E-06, 1E-06,
EJNT, 17, 1E-06, 1E-06, 1E-06, 1E-06,
EJNT, 18, 1E-06, 1E-06, 1E-06, 1E-06,
EJNT, 19, 1E-06, 1E-06, 1E-06, 1E-06,
EJNT, 20, 1E-06, 1E-06, 1E-06, 1E-06,
EJNT, 21, 1E-06, 1E-06, 1E-06, 1E-06,
EJNT, 22, 1E-06, 1E-06, 1E-06, 1E-06,
EJNT, 23, 1E-06, 1E-06, 1E-06, 1E-06,
EJNT, 24, 1E-06, 1E-06, 1E-06, 1E-06,
EJNT, 25, 1E-06, 1E-06, 1E-06, 1E-06,
EJNT, 26, 1E-06, 1E-06, 1E-06, 1E-06,
EJNT, 27, 1E-06, 1E-06, 1E-06, 1E-06,
EJNT, 28, 1E-06, 1E-06, 1E-06, 1E-06,
EJNT, 29, 1E-06, 1E-06, 1E-06, 1E-06,
EJNT, 30, 1E-06, 1E-06, 1E-06, 1E-06,
EJNT, 31, 1E-06, 1E-06, 1E-06, 1E-06,
EJNT, 32, 1E-06, 1E-06, 1E-06, 1E-06,
EJNT, 33, 1E-06, 1E-06, 1E-06, 1E-06,
EJNT, 34, 1E-06, 1E-06, 1E-06, 1E-06,
EJNT, 35, 1E-06, 1E-06, 1E-06, 1E-06,
EJNT, 36, 1E-06, 1E-06, 1E-06, 1E-06,
EJNT, 37, 1E-06, 1E-06, 1E-06, 1E-06,
EJNT, 38, 1E-06, 1E-06, 1E-06, 1E-06,
EJNT, 39, 1E-06, 1E-06, 1E-06, 1E-06,
EJNT, 40, 1E-06, 1E-06, 1E-06, 1E-06,
EJNT, 41, 1E-06, 1E-06, 1E-06, 1E-06,
EJNT, 42, 1E-06, 1E-06, 1E-06, 1E-06,
EJNT, 43, 1E-06, 1E-06, 1E-06, 1E-06,
EJNT, 44, 1E-06, 1E-06, 1E-06, 1E-06,
EJNT, 45, 1E-06, 1E-06, 1E-06, 1E-06,
EJNT, 326, 1E-06, 1E-06,      ,      ,
EJNT, 327,      ,      , 1E-06, 1E-06,
EJNT, 328,      ,      ,      ,      ,
EJNT, 329,      ,      ,      ,      ,
EJNT, 330,      ,      ,      ,      ,
EJNT, 331, 1E-06, 1E-06,      ,      ,
EJNT, 332,      ,      ,      ,      ,
EJNT, 333,      ,      ,      ,      ,
EJNT, 334,      ,      ,      ,      ,
EJNT, 335,      ,      , 1E-06, 1E-06,
EJNT, 336, 1E-06, 1E-06,      ,      ,
EJNT, 337,      ,      ,      ,      ,
EJNT, 338,      ,      ,      ,      ,
EJNT, 339,      ,      ,      ,      ,
EJNT, 340,      ,      , 1E-06, 1E-06,
EJNT, 341, 1E-06, 1E-06,      ,      ,
EJNT, 342,      ,      ,      ,      ,
EJNT, 343,      ,      ,      ,      ,
EJNT, 344,      ,      ,      ,      ,
EJNT, 345,      ,      , 1E-06, 1E-06,
EJNT, 346, 1E-06, 1E-06,      ,      ,
EJNT, 347,      ,      ,      ,      ,
EJNT, 348,      ,      ,      ,      ,
EJNT, 349,      ,      ,      ,      ,
EJNT, 350,      ,      , 1E-06, 1E-06,
EJNT, 351, 1E-06, 1E-06,      ,      ,
EJNT, 352,      ,      ,      ,      ,
EJNT, 353,      ,      ,      ,      ,
EJNT, 354,      ,      ,      ,      ,
EJNT, 355,      ,      , 1E-06, 1E-06,
EJNT, 356, 1E-06, 1E-06,      ,      ,
EJNT, 357,      ,      ,      ,      ,
EJNT, 358,      ,      ,      ,      ,
EJNT, 359,      ,      ,      ,      ,
EJNT, 360,      ,      , 1E-06, 1E-06,
EJNT, 361,      ,      ,      ,      ,
EJNT, 362,      ,      ,      ,      ,
EJNT, 363,      ,      ,      ,      ,
EJNT, 364,      ,      ,      ,      ,
EJNT, 365,      ,      , 1E-06, 1E-06,
EJNT, 366,      ,      ,      ,      ,
EJNT, 367,      ,      ,      ,      ,
EJNT, 368,      ,      ,      ,      ,
EJNT, 369,      ,      ,      ,      ,
EJNT, 370,      ,      ,      ,      ,
EJNT, 371, 1E-06, 1E-06,      ,      ,
EJNT, 372,      ,      ,      ,      ,
EJNT, 373,      ,      ,      ,      ,
EJNT, 374,      ,      ,      ,      ,
EJNT, 375,      ,      ,      ,      ,
EJNT, 376,      ,      , 1E-06, 1E-06,
EJNT, 377,      ,      ,      ,      ,
EJNT, 378,      ,      ,      ,      ,
EJNT, 379,      ,      ,      ,      ,
EJNT, 380,      ,      ,      ,      ,
EJNT, 381,      ,      ,      ,      ,
EJNT, 382,      ,      ,      ,      ,
EJNT, 383,      ,      ,      ,      ,
EJNT, 384,      ,      ,      ,      ,
EJNT, 385,      ,      ,      ,      ,
EJNT, 386,      ,      ,      ,      ,
EJNT, 211, 1E-06, 1E-06,      ,      ,
EJNT, 212,      ,      , 1E-06, 1E-06,
EJNT, 213, 1E-06, 1E-06,      ,      ,
EJNT, 214,      ,      ,      ,      ,
EJNT, 215,      ,      ,      ,      ,
EJNT, 216,      ,      ,      ,      ,
EJNT, 217,      ,      , 1E-06, 1E-06,
EJNT, 218,      ,      ,      ,      ,
EJNT, 219,      ,      ,      ,      ,
EJNT, 220,      ,      ,      ,      ,
EJNT, 221, 1E-06, 1E-06,      ,      ,
EJNT, 222,      ,      ,      ,      ,
EJNT, 223,      ,      ,      ,      ,
EJNT, 224,      ,      ,      ,      ,
EJNT, 225,      ,      , 1E-06, 1E-06,
EJNT, 226, 1E-06, 1E-06,      ,      ,
EJNT, 227,      ,      ,      ,      ,
EJNT, 228,      ,      ,      ,      ,
EJNT, 229,      ,      ,      ,      ,
EJNT, 230,      ,      , 1E-06, 1E-06,
EJNT, 231, 1E-06, 1E-06,      ,      ,
EJNT, 232,      ,      ,      ,      ,
EJNT, 233,      ,      ,      ,      ,
EJNT, 234,      ,      ,      ,      ,
EJNT, 235,      ,      , 1E-06, 1E-06,
EJNT, 236, 1E-06, 1E-06,      ,      ,
EJNT, 237,      ,      ,      ,      ,
EJNT, 238,      ,      ,      ,      ,
EJNT, 239,      ,      ,      ,      ,
EJNT, 240,      ,      , 1E-06, 1E-06,
EJNT, 241, 1E-06, 1E-06,      ,      ,
EJNT, 242,      ,      ,      ,      ,
EJNT, 243,      ,      ,      ,      ,
EJNT, 244,      ,      ,      ,      ,
EJNT, 245,      ,      , 1E-06, 1E-06,
EJNT, 246,      ,      ,      ,      ,
EJNT, 247,      ,      ,      ,      ,
EJNT, 248,      ,      ,      ,      ,
EJNT, 249,      ,      ,      ,      ,
EJNT, 250,      ,      , 1E-06, 1E-06,
EJNT, 251,      ,      ,      ,      ,
EJNT, 252,      ,      ,      ,      ,
EJNT, 253,      ,      ,      ,      ,
EJNT, 254,      ,      ,      ,      ,
EJNT, 255,      ,      ,      ,      ,
EJNT, 256,      ,      ,      ,      ,
EJNT, 257,      ,      ,      ,      ,
EJNT, 258,      ,      ,      ,      ,
EJNT, 259,      ,      ,      ,      ,
EJNT, 260,      ,      ,      ,      ,
EJNT, 261,      ,      ,      ,      ,
EJNT, 262,      ,      ,      ,      ,
EJNT, 263,      ,      ,      ,      ,
EJNT, 264,      ,      ,      ,      ,
EJNT, 265,      ,      ,      ,      ,
EJNT, 266,      ,      ,      ,      ,
EJNT, 267,      ,      ,      ,      ,
EJNT, 268,      ,      ,      ,      ,
EJNT, 269,      ,      ,      ,      ,
EJNT, 270,      ,      ,      ,      ,
EJNT, 271,      ,      , 1E-06, 1E-06,
EJNT, 272,      ,      ,      ,      ,
EJNT, 273, 1E-06, 1E-06,      ,      ,
EJNT, 274, 1E-06, 1E-06, 1E-06, 1E-06,
EJNT, 275, 1E-06, 1E-06, 1E-06, 1E-06,
EJNT, 276, 1E-06, 1E-06, 1E-06, 1E-06,
EJNT, 277, 1E-06, 1E-06, 1E-06, 1E-06,
EJNT, 278, 1E-06, 1E-06, 1E-06, 1E-06,
EJNT, 279, 1E-06, 1E-06, 1E-06, 1E-06,
EJNT, 280, 1E-06, 1E-06, 1E-06, 1E-06,
EJNT, 281, 1E-06, 1E-06, 1E-06, 1E-06,
EJNT, 282, 1E-06, 1E-06, 1E-06, 1E-06,
EJNT, 283,      ,      , 1E-06, 1E-06,
EJNT, 284, 1E-06, 1E-06, 1E-06, 1E-06,
EJNT, 285, 1E-06, 1E-06, 1E-06, 1E-06,
EJNT, 286, 1E-06, 1E-06, 1E-06, 1E-06,
EJNT, 287, 1E-06, 1E-06, 1E-06, 1E-06,
EJNT, 288, 1E-06, 1E-06, 1E-06, 1E-06,
EJNT, 289, 1E-06, 1E-06, 1E-06, 1E-06,
EJNT, 387, 1E-06, 1E-06, 1E-06, 1E-06,
EJNT, 388, 1E-06, 1E-06, 1E-06, 1E-06,
EJNT, 389, 1E-06, 1E-06, 1E-06, 1E-06,
EJNT, 390, 1E-06, 1E-06, 1E-06, 1E-06,
EJNT, 391, 1E-06, 1E-06, 1E-06, 1E-06,
EJNT, 392, 1E-06, 1E-06, 1E-06, 1E-06,
EJNT, 393, 1E-06, 1E-06, 1E-06, 1E-06,
EJNT, 394, 1E-06, 1E-06, 1E-06, 1E-06,
EJNT, 395, 1E-06, 1E-06, 1E-06, 1E-06,
EJNT, 396,      ,      , 1E-06, 1E-06,
EJNT, 397, 1E-06, 1E-06, 1E-06, 1E-06,
EJNT, 398, 1E-06, 1E-06, 1E-06, 1E-06,
EJNT, 399, 1E-06, 1E-06, 1E-06, 1E-06,
EJNT, 400, 1E-06, 1E-06, 1E-06, 1E-06,
EJNT, 401, 1E-06, 1E-06, 1E-06, 1E-06,
EJNT, 402, 1E-06, 1E-06, 1E-06, 1E-06,
EJNT, 403,      ,      ,      ,      ,
EJNT, 404,      ,      ,      ,      ,
EJNT, 405, 1E-06, 1E-06,      ,      ,
EJNT, 406,      ,      , 1E-06, 1E-06,
EJNT, 407,      ,      ,      ,      ,
EJNT, 290,      ,      ,      ,      ,
EJNT, 291,      ,      ,      ,      ,
EJNT, 292, 1E-06, 1E-06,      ,      ,
EJNT, 293,      ,      , 1E-06, 1E-06,
EJNT, 294,      ,      ,      ,      ,
EJNT, 408,      ,      , 1E-06, 1E-06,
EJNT, 409,      ,      , 1E-06, 1E-06,
EJNT, 410,      ,      , 1E-06, 1E-06,
EJNT, 411,      ,      ,      ,      ,
EJNT, 412,      ,      ,      ,      ,
EJNT, 413,      ,      ,      ,      ,
EJNT, 414,      ,      ,      ,      ,
EJNT, 415,      ,      ,      ,      ,
EJNT, 416,      ,      ,      ,      ,
EJNT, 417,      ,      ,      ,      ,
EJNT, 418,      ,      ,      ,      ,
EJNT, 419,      ,      ,      ,      ,
EJNT, 420,      ,      ,      ,      ,
EJNT, 422,      ,      ,      ,      ,
EJNT, 423,      ,      ,      ,      ,
EJNT, 424,      ,      ,      ,      ,
EJNT, 295,      ,      , 1E-06, 1E-06,
EJNT, 296,      ,      , 1E-06, 1E-06,
EJNT, 297,      ,      , 1E-06, 1E-06,
EJNT, 298,      ,      ,      ,      ,
EJNT, 299,      ,      ,      ,      ,
EJNT, 300,      ,      ,      ,      ,
EJNT, 301,      ,      ,      ,      ,
EJNT, 302,      ,      ,      ,      ,
EJNT, 303,      ,      ,      ,      ,
EJNT, 304,      ,      ,      ,      ,
EJNT, 305,      ,      ,      ,      ,
EJNT, 306,      ,      ,      ,      ,
EJNT, 307,      ,      ,      ,      ,
EJNT, 308,      ,      ,      ,      ,
EJNT, 309,      ,      ,      ,      ,
EJNT, 310,      ,      ,      ,      ,
EJNT, 311,      ,      ,      ,      ,
EJNT, 312,      ,      ,      ,      ,
EJNT, 201,      ,      ,      ,      ,
EJNT, 202,      ,      ,      ,      ,
EJNT, 203,      ,      ,      ,      ,
EJNT, 204, 1E-06, 1E-06,      ,      ,
EJNT, 205,      ,      ,      ,      ,
EJNT, 206, 1E-06, 1E-06,      ,      ,
EJNT, 207,      ,      , 1E-06, 1E-06,
EJNT, 208,      ,      ,      ,      ,
EJNT, 209,      ,      ,      ,      ,
EJNT, 210,      ,      ,      ,      ,
EJNT, 313, 1E-06, 1E-06,      ,      ,
EJNT, 314,      ,      ,      ,      ,
EJNT, 315, 1E-06, 1E-06,      ,      ,
EJNT, 316,      ,      ,      ,      ,
EJNT, 317,      ,      , 1E-06, 1E-06,
EJNT, 318, 1E-06, 1E-06,      ,      ,
EJNT, 319, 1E-06, 1E-06,      ,      ,
EJNT, 320,      ,      , 1E-06, 1E-06,
EJNT, 321, 1E-06, 1E-06,      ,      ,
EJNT, 322,      ,      , 1E-06, 1E-06,
EJNT, 323,      ,      ,      ,      ,
EJNT, 324,      ,      ,      ,      ,
EJNT, 325, 1E-06, 1E-06,      ,      ,
EJNT, 426, 1E-06, 1E-06,      ,      ,
EJNT, 427,      ,      ,      ,      ,
EJNT, 428, 1E-06, 1E-06,      ,      ,
EJNT, 429,      ,      , 1E-06, 1E-06,
EJNT, 430,      ,      , 1E-06, 1E-06,
EJNT, 431, 1E-06, 1E-06,      ,      ,
EJNT, 432,      ,      , 1E-06, 1E-06,
EJNT, 433, 1E-06, 1E-06,      ,      ,
EJNT, 434,      ,      , 1E-06, 1E-06,
EJNT, 435, 1E-06, 1E-06,      ,      ,
EJNT, 436,      ,      , 1E-06, 1E-06,
EJNT, 437, 1E-06, 1E-06,      ,      ,
GLOD,      0, 0.000000, 0.000000, -9.806650
